exportaciones
60.5
55.8
65.6
68.2
57.7
65.1
69.8
60.9
65.8
75.4
59.6
69.3
50.6
49.3
61.7
58.6
59.2
73.3
77.4
72.3
71.5
67.4
75.4
92.1
71.4
58.3
86.0
74.7
83.4
93.4
103.2
107.6
107.3
110.2
97.7
131.1
80.0
66.0
89.6
101.8
100.3
113.4
95.6
114.6
116.1
105.8
103.3
94.8
81.3
75.8
101.8
84.9
104.6
94.5
124.4
172.9
115.0
136.6
112.0
91.4
96.4
73.2
75.4
100.1
107.5
113.1
132.8
120.8
114.7
119.5
103.7
114.9
91.3
86.1
81.7
88.4
103.3
103.5
115.5
102.4
178.3
185.4
88.2
100.7
81.2
73.6
222.4
90.6
89.3
99.4
110.8
94.6
177.9
160.0
106.0
99.5
87.3
81.8
188.7
93.6
120.2
120.2
123.7
136.0
166.6
122.7
117.2
117.1
104.4
94.8
105.5
95.5
109.6
114.8
138.6
121.2
123.5
113.0
117.1
114.8
101.7
94.0
89.5
100.5
110.4
127.9
115.6
132.2
123.2
147.1
109.6
123.3
120.8
127.2
104.0
118.0
139.9
158.3
150.4
147.0
155.8
141.1
166.2
148.0
169.6
149.1
168.0
155.4
198.1
211.2
197.5
204.3
220.3
191.1
182.3
218.3
182.9
183.1
214.1
230.8
283.2
215.8
259.3
289.7
244.7
297.5
274.7
272.3
283.6
281.9
351.1
312.9
349.1
367.5
408.2
396.7
372.9
405.4
334.1
368.7
326.1
312.0
345.3
333.5
392.7
401.6
422.0
432.0
440.2
483.0
501.7
499.4
523.1
493.6
575.3
593.8
587.9
578.4
679.5
647.7
599.2
637.8
623.2
518.7
370.2
395.1
414.6
380.4
456.3
467.1
490.0
496.8
492.6
528.1
499.1
496.2
492.0
449.5
554.0
489.6
629.7
620.9
645.4
609.0
661.7
675.8
613.7
610.9
639.1
649.6
579.2
704.5
774.4
766.9
878.5
904.0
931.5
801.5
786.2
799.8
669.8
734.5
870.3
947.8
1014.7
1013.7
1001.9
1084.1
1186.9
1161.1
1130.8
1175.6
1137.7
843.9
1069.3
1020.5
1029.2
1020.7
1057.0
1070.1
1018.1
1134.5
978.5
992.0
1021.2
1029.1
1153.9
1062.0
1213.3
1178.6
1209.7
1154.0
1113.8
1021.1
936.1
941.4
805.9
717.3
809.4
774.8
806.7
788.6
769.0
724.2
738.1
701.5
625.9
661.9
527.9
532.6
584.5
555.5
604.6
617.2
664.2
696.8
639.4
672.6
585.0
578.4
552.8
505.2
650.2
686.0
716.8
697.9
752.8
777.1
797.2
759.3
714.7
757.0
717.0
672.2
735.5
778.1
855.6
786.4
830.3
831.6
754.6
816.7
711.2
621.2
699.1
636.1
690.9
640.8
792.9
763.8
857.4
816.2
783.8
772.4
696.6
774.4
790.3
674.9
605.8
239.7
336.0
564.4
542.6
516.1
542.4
678.6
743.1
798.8
737.5
778.0
819.3
852.8
922.4
925.1
936.6