igae
173.16
167.19
190.98
207.59
206.50
204.06
201.22
193.40
202.01
207.98
199.81
198.82
178.47
173.29
195.24
211.58
210.36
209.81
206.19
199.90
212.18
216.77
209.70
208.20
183.89
177.81
202.92
216.94
219.62
219.08
211.36
206.23
223.63
228.56
220.02
222.00
197.77
190.96
210.78
228.85
229.30
225.42
222.23
217.94
234.53
238.54
231.96
235.53
205.62
198.87
225.06
240.07
239.26
234.23
231.20
228.37
246.13
254.05
247.10
250.32
221.95
212.45
238.29
257.09
254.08
252.94
250.11
247.46
259.60
271.24
257.89
267.50
235.85
226.97
249.61
269.96
266.92
263.88
263.40
261.89
277.50
285.48
272.27
280.15
247.48
234.04
265.15
283.67
279.66
279.48
270.50
274.23
289.61
300.88
285.29
297.09
262.24
247.74
276.66
291.97
288.49
289.60
282.72
287.93
304.93
312.26
299.02
304.53
268.33
253.88
290.71
305.32
299.15
298.55
293.95
298.13
320.97
327.51
315.06
321.18
283.48
266.50
303.00
318.34
311.48
316.98
303.28
313.25
332.88
340.12
324.80
330.36
293.12
275.73
310.47
325.20
319.07
327.55
312.05
318.07
340.41
347.51
315.46
342.84
304.94
277.36
297.96
234.04
231.83
266.59
268.31
274.03
311.84
346.26
336.10
340.28
291.75
266.63
311.44
301.90
286.12
295.43
300.99