inc_pib
2.51
5.09
5.22
5.27
3.21
2.53
1.78
1.65
4.08
5.05
4.46
4.27
5.85
3.63
5.12
4.67
5.26
4.95
4.28
4.68
3.63
4.71
4.54
4.36
4.81
5.28
4.82
4.95
6.75
5.79
5.42
5.03
0.74
-0.12
-0.34
0.43
2.09
3.53
2.69
2.51
-0.01
0.47
1.17
1.68
1.38
2.70
3.05
2.49
3.32
3.28
2.48
2.71
4.39
3.99
4.70
4.17
4.45
4.20
4.07
4.42
4.41
4.12
4.66
4.80
2.52
3.36
4.03
4.56
6.55
6.73
6.85
6.15
2.95
2.55
2.92
3.36
3.22
3.52
3.59
4.13
6.18
5.15
5.17
5.20
5.01
4.68
4.65
5.12
6.85
6.97
7.08
6.80
5.91
5.32
5.56
5.46
4.80
5.04
4.66
4.86
5.35
4.23
4.47
4.26
3.34
3.58
3.82
4.20
4.93
4.89
4.57
4.22
3.09
2.85
2.64
2.22
0.56
-11.11
